---
maxVel: 30.0
maxAccel: 40.0
maxAngVel: 2.0943951023931953
maxAngAccel: 2.792526803190927
robotLength: 17.323
robotWidth: 16.5
driveType: "MECANUM"
trackWidth: 14.32
lateralMultiplier: 1.0
